# This text provides raw data of questions.
# All the lines blank or started with "#" will be ignored.

# First one line with the count of questions
141
# Followed by {#questions} lines with syntax "question_id question_attribute (vary from {-1,0,1})" per line, question_id must be continous.
0 1
1 1
2 -1
3 1
4 -1
5 1
6 -1
7 1
8 0
9 1
10 1
11 1
12 1
13 1
14 1
15 1
16 -1
17 0
18 0
19 1
20 1
21 0
22 1
23 -1 
24 0
25 0
26 0
27 1
28 1
29 1
30 1
31 1
32 1
33 1
34 1
35 1
36 1
37 1
38 1
39 0
40 -1
41 0
42 -1
43 0
44 0
45 1
46 1
47 1
48 1
49 1
50 1
51 1
52 1
53 1
54 1
55 1
56 1
57 1
58 1
59 1
60 1
61 1
62 1
63 1
64 0
65 -1
66 -1
67 -1
68 -1
69 -1
70 -1
71 -1
72 -1
73 -1
74 -1
75 -1
76 -1
77 -1
78 -1
79 -1
80 -1
81 0
82 0
83 0
84 0
85 0
86 0
87 0
88 0
89 0
90 1
91 1
92 1
93 1
94 1
95 1
96 1
97 1
98 1
99 1
100 1
101 1
102 -1
103 -1
104 -1
105 0
106 -1
107 -1
108 -1
109 0
110 0
111 -1
112 0
113 -1
114 -1
115 -1
116 -1
117 1
118 1
119 -1
120 1
121 1 
122 1
123 -1
124 -1
125 0
126 1
127 1
128 1
129 0 
130 0
131 0
132 1
133 1
134 0
135 -1
136 -1
137 1
138 1
139 -1
140 1

# Then goes one line indicates the count of pair relationship
87
# Last {#pair relationship} lines with syntax "question_id1 question_id2 degree_of_relationship ~ [-1,1]"
4 7 -0.9
5 7 0.9
6 7 -0.4
0 7 0.3
0 2 -0.98
4 5 -0.98
2 6 0.95
13 14 0.85
14 15 0.88
15 16 -0.99
11 13 0.67
12 13 0.78
19 23 -0.97
17 18 -0.8
17 19 0.74
20 21 0.9
17 25 0.89
17 27 0.97
28 29 0.78
30 31 0.67
33 34 0.42
33 35 0.54
33 36 0.6
36 37 0.3
37 38 0.78
41 36 0.56
43 25 0.42
45 46 0.65
45 47 0.56
49 50 0.67
50 51 0.46
52 53 0.95
53 54 0.92
59 60 0.79
59 19 0.83
61 62 0.59
63 13 0.81
63 64 0.67
67 13 -0.78
67 69 0.78
71 16 0.75
68 66 0.62
75 14 -0.91
75 76 0.45
76 77 0.52
78 79 0.63
77 79 0.5
82 13 0.89
84 61 0.82
84 63 0.78
84 64 0.67
110 43 0.65
114 67 0.73
108 111 0.82
104 115 0.79
14 117 0.89
15 118 0.87
117 119 -0.93
118 120 0.83
121 118 0.98
121 122 0.99
123 83 -0.57
123 89 -0.59
123 124 0.27
124 125 0.35
126 127 0.47
126 128 0.68
129 61 0.78
132 64 0.62
129 84 0.61
133 88 0.67
132 36 0.72
135 136 0.16
136 137 -0.91
135 137 -0.89
137 138 0.78
137 52 0.83
138 61 0.79
137 75 -0.65
138 13 0.92
137 14 0.67
140 13 0.79
140 75 -0.56
140 90 0.87
140 100 0.85
140 96 0.89
139 14 -0.69